,Unnamed: 0,Unnamed: 0.2,Unnamed: 0.1,Unnamed: 0.1.1,spreadtotal,decimalodds,americanodds,participantscore,underdogscore,dateForJoin,away_assist_percentage,away_assists,away_block_percentage,away_blocks,away_defensive_rating,away_defensive_rebound_percentage,away_defensive_rebounds,away_effective_field_goal_percentage,away_field_goal_attempts,away_field_goal_percentage,away_field_goals,away_free_throw_attempt_rate,away_free_throw_attempts,away_free_throw_percentage,away_free_throws,away_losses,away_minutes_played,away_offensive_rating,away_offensive_rebound_percentage,away_offensive_rebounds,away_personal_fouls,away_points,away_steal_percentage,away_steals,away_three_point_attempt_rate,away_three_point_field_goal_attempts,away_three_point_field_goal_percentage,away_three_point_field_goals,away_total_rebound_percentage,away_total_rebounds,away_true_shooting_percentage,away_turnover_percentage,away_turnovers,away_two_point_field_goal_attempts,away_two_point_field_goal_percentage,away_two_point_field_goals,away_wins,home_assist_percentage,home_assists,home_block_percentage,home_blocks,home_defensive_rating,home_defensive_rebound_percentage,home_defensive_rebounds,home_effective_field_goal_percentage,home_field_goal_attempts,home_field_goal_percentage,home_field_goals,home_free_throw_attempt_rate,home_free_throw_attempts,home_free_throw_percentage,home_free_throws,home_losses,home_minutes_played,home_offensive_rating,home_offensive_rebound_percentage,home_offensive_rebounds,home_personal_fouls,home_points,home_steal_percentage,home_steals,home_three_point_attempt_rate,home_three_point_field_goal_attempts,home_three_point_field_goal_percentage,home_three_point_field_goals,home_total_rebound_percentage,home_total_rebounds,home_true_shooting_percentage,home_turnover_percentage,home_turnovers,home_two_point_field_goal_attempts,home_two_point_field_goal_percentage,home_two_point_field_goals,home_wins,pace,over_under_total
Unnamed: 0,1.0,1.0,0.999996168981921,0.9702481641307448,0.028701287245495095,-0.07041472822051983,-0.04929400063236526,-0.043814641410612705,-0.05467358970895674,0.9188212736863943,0.04641395019266883,0.03493315183522815,0.004289819599380249,-0.027233087559391224,0.038467927335418296,-0.03480373957877284,-0.025804653745248797,0.02383778318534476,-0.04837602858121863,0.02146436368696551,-0.00944889860996387,-0.05692646893830318,-0.07151522537910734,0.010861457392584185,-0.06870317749793961,0.19085235383049734,-0.012801033122477793,0.05991380605212305,0.05788747637822055,0.035434405111977554,-0.12604988752898783,-0.03793684529625644,-0.010886625988929373,-0.03789891265752649,0.03801336642581631,0.014142295360013567,-0.008597685821143475,0.004085768510757028,0.028876709488184337,-0.0019721227366773517,0.011804278070212832,-0.06504107558890346,-0.0939810613850465,-0.05139483661505345,0.04327126656269348,-0.012171592850878054,0.1627588985343334,0.0108235679558875,0.0033749652686726694,-0.031861476597317986,-0.029699694136518583,0.05991380605212305,-0.05787657979868649,-0.023966125418310776,-0.010492735410174191,0.009869804876921344,-0.022976270810751678,-0.0031134283144251644,-0.05932230434396669,-0.045441967179856046,0.016692152490418694,-0.04053468513212846,0.0394252635205436,0.02455538982840339,0.038467927335418296,0.03483941495417603,0.030730149804115325,-0.06373219964499854,-0.06161088615449213,0.02613943410953614,0.00538031047900068,0.11277977547175637,0.08279863283030922,-0.0411786009630856,0.03158282093700201,-0.028901608450856143,-0.007613634171494024,-0.01873511177551475,-0.10204112458953317,-0.09960665078070426,-0.046158224723560674,0.02826265386464332,-0.0225202081601157,0.0002887185804111765,-0.21274673925196758,-0.09222680222068128
Unnamed: 0.2,1.0,1.0,0.999996168981921,0.9702481641307448,0.028701287245495095,-0.07041472822051983,-0.04929400063236526,-0.043814641410612705,-0.05467358970895674,0.9188212736863943,0.04641395019266883,0.03493315183522815,0.004289819599380249,-0.027233087559391224,0.038467927335418296,-0.03480373957877284,-0.025804653745248797,0.02383778318534476,-0.04837602858121863,0.02146436368696551,-0.00944889860996387,-0.05692646893830318,-0.07151522537910734,0.010861457392584185,-0.06870317749793961,0.19085235383049734,-0.012801033122477793,0.05991380605212305,0.05788747637822055,0.035434405111977554,-0.12604988752898783,-0.03793684529625644,-0.010886625988929373,-0.03789891265752649,0.03801336642581631,0.014142295360013567,-0.008597685821143475,0.004085768510757028,0.028876709488184337,-0.0019721227366773517,0.011804278070212832,-0.06504107558890346,-0.0939810613850465,-0.05139483661505345,0.04327126656269348,-0.012171592850878054,0.1627588985343334,0.0108235679558875,0.0033749652686726694,-0.031861476597317986,-0.029699694136518583,0.05991380605212305,-0.05787657979868649,-0.023966125418310776,-0.010492735410174191,0.009869804876921344,-0.022976270810751678,-0.0031134283144251644,-0.05932230434396669,-0.045441967179856046,0.016692152490418694,-0.04053468513212846,0.0394252635205436,0.02455538982840339,0.038467927335418296,0.03483941495417603,0.030730149804115325,-0.06373219964499854,-0.06161088615449213,0.02613943410953614,0.00538031047900068,0.11277977547175637,0.08279863283030922,-0.0411786009630856,0.03158282093700201,-0.028901608450856143,-0.007613634171494024,-0.01873511177551475,-0.10204112458953317,-0.09960665078070426,-0.046158224723560674,0.02826265386464332,-0.0225202081601157,0.0002887185804111765,-0.21274673925196758,-0.09222680222068128
Unnamed: 0.1,0.999996168981921,0.999996168981921,1.0,0.9702042723018047,0.028855225090686703,-0.07039180174208168,-0.0492219593232119,-0.04369264539426495,-0.054453346266096214,0.9196257599564671,0.046476879249542594,0.03510294961758137,0.004347881143110599,-0.027212859436005377,0.038600626439539897,-0.034688941641634115,-0.025843729658990382,0.024049085961016174,-0.04835035416915742,0.02165765149184904,-0.009252077389786725,-0.05690826415253696,-0.07148628563571223,0.01087101697529405,-0.06866694923035209,0.19098251569716007,-0.012781958296487195,0.0601628082903647,0.05794050026497341,0.035429443947528776,-0.12604270501115702,-0.03771116398368148,-0.010880086427107642,-0.03789047330568213,0.03809042026377234,0.014222685932211952,-0.008463802065374282,0.00424242423225713,0.028985159515607907,-0.0020077202362208746,0.012015722571653231,-0.06513022297387934,-0.09407126412870637,-0.05144012254843063,0.043419962931076014,-0.012094506342531279,0.16289734719885768,0.010945770365300143,0.0034216058045726254,-0.031929232446942554,-0.02979174393545293,0.0601628082903647,-0.05792952651398667,-0.02405581169712178,-0.010339318332355643,0.009793793807830527,-0.022858156503871817,-0.003123914371319291,-0.05920943017368188,-0.04536427483643414,0.01678363964727819,-0.04043416181059413,0.03921545973285015,0.024530117919603977,0.038600626439539897,0.034724548874920984,0.030595726755770145,-0.06377555257186973,-0.0614901165752529,0.026075283986953652,0.005301338570101599,0.1128479545614231,0.08277221378163492,-0.041086953181206406,0.03164590609130808,-0.02901004802332906,-0.007734762852777275,-0.01855388718642387,-0.10204728618224221,-0.0996356495135069,-0.04624448244392397,0.028327518792439985,-0.022570486760502318,0.00031446456948886083,-0.21276470654895713,-0.09199260202334925
Unnamed: 0.1.1,0.9702481641307448,0.9702481641307448,0.9702042723018047,1.0,0.028689541553695262,-0.07344582130159603,-0.05079937648039966,-0.04906967389753945,-0.0561149128609212,0.8919635549622662,0.04418933379273608,0.03167290771205903,-0.003235593299610132,-0.03331966592454131,0.03970109710058089,-0.032956917996294334,-0.02730932756340809,0.018048942862048476,-0.0428345540196615,0.015254919597513149,-0.01151782798908176,-0.06550199327699281,-0.07890350294982036,0.016616527335403346,-0.07357675597504636,0.17378711362520852,-0.009277804617009895,0.056276937162016226,0.05998367917290238,0.03968742521456464,-0.13088781473776312,-0.04199375568280086,-0.01681901078008861,-0.04411038799798934,0.032999538316219094,0.011899861069708431,-0.007085457713381906,0.0036534991572799843,0.026906619866946577,-0.0008705387467539617,0.005927762064453533,-0.06639107050658935,-0.09432821618282586,-0.04499370875408788,0.032716860629021585,-0.013868263096115123,0.14600356214960597,0.007951648350103837,0.0002350534934715172,-0.02489483036076519,-0.024551731815935215,0.056276937162016226,-0.05997117700392045,-0.023876887092614263,-0.009677338351828312,0.006767680496732511,-0.02251755511893919,-0.005308712392384932,-0.06436536108565206,-0.05214883588486872,0.0219806571456875,-0.045094201875097766,0.04352299352152705,0.02084318268632788,0.03970109710058089,0.03299512736583784,0.027860997773888854,-0.07171551897802261,-0.0608322527103898,0.02239554635606452,6.254698736853607e-05,0.11084671346706332,0.07921311610812351,-0.040993488251987675,0.02984822796803864,-0.02692583367912733,-0.008608408563485003,-0.01787141180919891,-0.10498003447708104,-0.10498795719933289,-0.04786652027331176,0.028167927032805858,-0.024219939989227078,0.003396799722947241,-0.2161737964935478,-0.10130694359778232
spreadtotal,0.028701287245495095,0.028701287245495095,0.028855225090686703,0.028689541553695262,1.0,0.021754305809580272,0.011558892012604533,-0.18130302332167825,0.09780467308095189,0.036174209092613034,-0.016589543111825093,0.005536097218228719,0.081592739496019,0.08466299403779624,-0.0949300105940158,0.02605537073977931,0.057457238803412,0.07920718258299603,-0.08863338358356976,0.089190381274298,0.03102344912227219,0.052390930568131745,0.035366343816745825,0.08772331631391637,0.06516833168205766,-0.18803868567875134,0.03340015657991672,0.11050989364536361,0.038466739412420944,-0.01792259700722176,0.01331142328877181,0.053303398063491304,-0.01937941380374261,-0.033888059309138865,-0.04095686546415593,-0.0764220408066754,0.05327275626370676,-0.0062474594274143725,0.11416857367039986,0.038313587026800315,0.10162864968323183,-0.016193114633749815,-0.03570840133711468,-0.009683477133052846,0.0484709109381868,0.03473184107275705,0.03498139681740301,-0.0298166733567775,-0.10536150185556777,-0.04322189604142361,-0.05834760242578369,0.11050989364536361,-0.03844270102200872,-0.12483286627744968,-0.12748874291411133,-0.050267347929066244,-0.11792581074030041,-0.10839718688155384,-0.00429685865287042,-0.028833895026045237,0.026661477229236147,-0.017326741774601574,-0.002349553918338667,-0.0347200223641984,-0.0949300105940158,-0.026051736142933532,-0.023573799062846578,-0.01479886886109348,-0.13844029868038854,-0.03980390107779295,-0.06126733654957027,-0.0295286501627117,-0.0600182914170329,-0.06976398396088872,-0.09449726589370071,-0.1142267487926739,-0.1078618691962319,-0.11844834442894833,-0.041658177115499614,-0.06313139623896796,-0.0262954124413103,-0.10713123446109228,-0.07870166710038862,-0.06797007540980202,-0.13004384746508138,0.05657526615543845
decimalodds,-0.07041472822051983,-0.07041472822051983,-0.07039180174208168,-0.07344582130159603,0.021754305809580272,1.0,0.6325731453243709,-0.0030179431876099947,-0.004481956420562089,-0.06870074331313242,0.000527878982892187,-0.015209860491499375,0.00280791296589025,-0.003986935477395244,0.014705462704310474,-0.011077073039465223,-0.018734015502808926,-0.03224101720332315,-0.004973849825184053,-0.025570233392676413,-0.025965828676386023,0.012462373054307084,0.011711546174375507,0.012942969762384267,0.016647890233902785,-0.017710874843221616,-0.0032677719473231267,-0.027211426437568673,-0.013476908387656755,-0.0034666030651372636,0.008998435870120561,-0.024151232536331252,0.0029937956829587335,0.003657798729251155,0.01185058694612739,0.009368567946800136,-0.05813969047333727,-0.03431865634503318,-0.03040123117355048,-0.017671699224333343,-0.02655847565518443,0.00891103594886651,0.010296320258315084,-0.011818032451873198,0.012921267150775307,-0.00020611949350820446,0.018879077267643506,0.02110572265101295,0.008289097436961112,-0.016206188564584792,-0.015149185077973406,-0.027211426437568673,0.01345203486028353,0.012141643540807857,0.022004260344366307,-0.010725622451735854,-0.006869162841112952,-0.0037812662187480524,0.02735019650997306,0.012696717667577526,0.012134566860770166,0.013287868739700913,-0.023213575141727328,-0.001719215080285117,0.014705462704310474,0.011052532077883443,0.0018541368271071128,0.03255814440529912,0.012864363794493315,-0.004888883983502045,-0.00606442244747949,-0.0012079558454563284,-0.009157984549805728,0.012058651977677295,0.014575512273397664,0.030389115389898726,0.010328044339488855,0.02450560431931373,0.018448356768450695,0.015178591569646882,-0.008247215840089759,-0.015088226311978689,-0.013302557903545403,-0.012058084536778459,0.0011849214305255052,0.20655900055539872
americanodds,-0.04929400063236526,-0.04929400063236526,-0.0492219593232119,-0.05079937648039966,0.011558892012604533,0.6325731453243709,1.0,0.004133595503465712,0.0037787955694462074,-0.03137126460657785,-0.010479832109055126,-0.020740597893605977,0.04052396359620535,0.027553981268613678,0.001944226355346388,-0.014133140028148304,-0.010809823038579545,-0.03281901739056518,0.01201090703254357,-0.030423055543408174,-0.021107690644254395,0.004437952230302193,0.007616258562746013,-0.010096762384296812,0.0035482226788161025,-0.021899921184667916,-0.004959526317229659,-0.02579271822704135,-0.003195661858522441,0.009258363451506128,0.01251570277430394,-0.021820391960175586,0.00330516592815204,0.004013502974193026,0.009251427264936768,0.013722611318762505,-0.04088870241846354,-0.02012878649949749,-0.023857147680980486,-0.00393344158242065,-0.03248728266595066,-0.007399322776363387,-0.004543310944105665,-0.0014669672113441661,-0.005750647621959555,-0.005837658428534504,-0.003667571762253067,0.040945976086259564,0.018418806572075765,0.013505074248027795,0.018183990362794004,-0.02579271822704135,0.00317740234296074,0.01750463368330882,0.0023892346959343788,-0.00042970374476349645,-0.015970321896800636,-0.004076753980460941,0.011151725352600802,0.005421904547388958,0.023092877534231802,0.010657458481901015,-0.01903162206345119,0.0017782671619632612,0.001944226355346388,0.014113377070944799,0.010229935324360142,0.019889895721973944,0.0027584661352153417,-0.02913169278378327,-0.025274254667402168,0.01718647509092156,0.012525151816363695,-0.0014108801445731527,0.013082566018886174,0.023842693852447545,0.017696617037310455,0.005673741685929832,0.01569249340320259,0.016710345976091497,-0.00964735405567147,-0.010486534142289665,-0.012787358990040179,-0.010379220431142942,0.005386155214171075,0.1636303100202106
participantscore,-0.043814641410612705,-0.043814641410612705,-0.04369264539426495,-0.04906967389753945,-0.18130302332167825,-0.0030179431876099947,0.004133595503465712,1.0,0.37484185872719356,-0.020044591446397766,0.018397829242392045,0.326080675959125,-0.130570409609626,-0.07723705933445787,0.5704836248933213,-0.09918864062405047,-0.22187001956834157,0.3600454724549054,0.2895476491134479,0.3469915308449685,0.4966153271131865,0.12391799109588915,0.20989375828241255,0.08843621429717918,0.2283068395255058,0.13446703908233695,0.15959375838088513,0.4217406283314646,0.023431730249671576,-0.001251390998851741,0.13926652086456037,0.6000275174820645,-0.07335173382212033,-0.005630087078630368,0.029887964273742112,0.1403926067246246,0.26789660769088064,0.29070255144197743,-0.09969348303596838,-0.18714499504122623,0.3832638164062132,-0.1373776110384352,-0.05711783111760987,0.12183576679522903,0.23604134209137212,0.27082130402124416,0.07852721077844063,-0.009683860751581024,0.14756423036787666,-0.06500528031181435,-0.09400297782781385,0.4217406283314646,-0.0234553928701596,-0.16807114373705245,0.4995981522185248,-0.060698241980829584,0.3876237900046111,0.18411109183805854,0.12503847870675894,0.08234940220209389,0.10205455695699168,0.11323229128408098,-0.010803490337517402,-0.15294228194121678,0.5704836248933213,0.0992250537095629,-0.07534566263384222,-0.01924272084217079,0.7400150836287085,-0.07020041315484196,-0.08010023612368192,-0.004565398864335021,-0.044553983279517165,0.2575124494737108,0.1817115777300088,0.09974494462296948,-0.1614176984794712,0.5235928114450051,-0.10685101386469124,-0.11690471185418605,-0.051928398382102385,0.28938707809088837,0.12114504766436521,0.006994581557058706,0.4081829818837202,0.2074981824432324
underdogscore,-0.05467358970895674,-0.05467358970895674,-0.054453346266096214,-0.0561149128609212,0.09780467308095189,-0.004481956420562089,0.0037787955694462074,0.37484185872719356,1.0,-0.015519099636910175,-0.019830712437239478,0.36261629338030066,-0.06133829064160495,-0.022643363958258368,0.42848823697967187,-0.0339294184444981,-0.134983148722528,0.48465623851611084,0.27536554447270595,0.47116895489669974,0.6027315014802926,0.15805681310405484,0.24398055591333984,0.17121567988476952,0.29336953727552645,0.07358077809783815,0.25747660682976764,0.5960768184120987,0.08430176155887348,0.008844688373703813,0.23768405779867957,0.7363225385838217,-0.04832297003835828,0.010160065867209283,0.03154170515561208,0.13614764890653716,0.36555485492613415,0.35486378818055725,0.04838131198419649,-0.10851282764356589,0.5251554938567297,-0.1971224250393419,-0.12397227334633497,0.1136957966966642,0.32054391277599636,0.3271980910182335,0.11323134559619918,-0.028987758701462137,-0.027993314362743965,-0.11237624244855611,-0.18945218140294615,0.5960768184120987,-0.08428451140359576,-0.3458710856040189,0.35652660531640873,-0.1981461923716976,0.2734316424617192,-0.009262144392860385,0.21081466451502814,0.08622703019040585,0.10608217235651739,0.11431502065483173,-0.03343217853116829,-0.2548334617172605,0.42848823697967187,0.03392072641304644,-0.15248556038989855,-0.07875160210267158,0.5860457064571384,-0.14999953135078647,-0.21186256527836186,-0.020279239491544185,-0.16010272294479672,0.1791282380092943,0.03165624331039939,-0.04831047020394913,-0.33122560464268275,0.39759705489353486,-0.08677464214478466,-0.17744242209223166,-0.15892388877241048,0.1962962067358573,-0.0301942253709843,-0.033755211318016315,0.3006408609116472,0.19128905044886482
dateForJoin,0.9188212736863943,0.9188212736863943,0.9196257599564671,0.8919635549622662,0.036174209092613034,-0.06870074331313242,-0.03137126460657785,-0.020044591446397766,-0.015519099636910175,1.0,0.047320589648741834,0.06015222293373756,0.010416622467843013,-0.01981642247460902,0.0567864870583418,-0.017164026204610848,-0.028362085533717576,0.05349993912475802,-0.02974667692124746,0.05120646696948567,0.030295979726420556,-0.0627758630581843,-0.07273656417133047,0.011735557609871909,-0.06858098780184324,0.22145588971227093,-0.010452242291891905,0.09244884203281205,0.05650610711477812,0.03105058112649524,-0.12319753030094707,0.0008330986161809697,-0.014236863574684209,-0.03850701014713163,0.032958884911159864,0.016441531046303057,0.014170739657224735,0.02428896594786901,0.03472087721491613,-0.006560072373192748,0.03998672888655285,-0.08284061662261871,-0.10871875049523971,-0.03799711687408967,0.05968078204334201,0.011737548531625185,0.18853785055092817,0.022187573376082948,0.010242580015614377,-0.04282376810707207,-0.037876936812418535,0.09244884203281205,-0.05648526673990494,-0.02846142446994737,0.011859568265616858,0.001909029264186312,-0.0033021823402551043,-0.0008934221478150494,-0.04067289381191019,-0.029563780089993323,0.03068004215904473,-0.02195194979196495,0.015597241129927638,0.01996585621307534,0.0567864870583418,0.017199678843038208,0.011313096027083646,-0.07355001642935201,-0.03547884911613881,0.01262081068234138,-0.0066509431265441106,0.10704649458387934,0.07181808778834353,-0.020376090189959263,0.0382400253892237,-0.03473851501208718,-0.01839413029413215,0.008417657364609102,-0.0999945707259523,-0.09999227102339998,-0.049256249882479765,0.034113533648138974,-0.023697648900304326,0.003229553783530907,-0.1940690550754357,-0.056870070472465006
away_assist_percentage,0.04641395019266883,0.04641395019266883,0.046476879249542594,0.04418933379273608,-0.016589543111825093,0.000527878982892187,-0.010479832109055126,0.018397829242392045,-0.019830712437239478,0.047320589648741834,1.0,0.7693095544982052,0.024154732251925538,0.015444853601580863,-0.0274746712834397,-0.012220812500794674,-0.021022964792097757,0.129957840006628,-0.11682270029059025,0.045484797980693555,-0.027490759359497848,-0.0072044776955918245,-0.03753303876812153,-0.00340298316145726,-0.037470922190161515,0.10008463105993252,-0.03183362251010601,0.04960888195756214,-0.08220806833990066,-0.114750954858623,-0.024554019236008324,0.03598995212403999,0.03275232119103562,0.02908632361643113,0.2460325964716425,0.1904154627604429,0.1676276985166872,0.24642330975591142,-0.028327534656217585,-0.08150490232454069,0.12326754764569735,0.11047853090527474,0.0892064922260897,-0.25311559351565405,-0.0038947611899026297,-0.206586657832082,0.03070739017036506,0.11047453706716699,0.06682122524192352,0.059102278186975915,-0.001983847002833676,0.04960888195756214,0.0822225189803503,-0.000505922425729419,-0.011018343487651761,0.023782899544571932,0.004451497160897271,0.014893100037846848,-0.005382455075605922,0.011374944113284699,-0.011291780679152272,0.005731843862825793,-0.09007627277331687,0.03274870113988303,-0.0274746712834397,0.012251659863920206,0.025699295987556714,0.0014197841508303962,-0.034824344234864836,0.07067841145796583,0.07420792282470931,0.007727500215449403,0.01499945987205343,0.01916868033464901,0.009452219050654832,0.028375102024364607,0.009143228417219196,-0.012985174577015448,0.04439626919224466,0.05727679299207792,0.022122883237847255,-0.017914034227311332,0.012898999286077536,-0.024065937861957935,-0.006939921514493456,-0.057174490124506934
away_assists,0.03493315183522815,0.03493315183522815,0.03510294961758137,0.03167290771205903,0.005536097218228719,-0.015209860491499375,-0.020740597893605977,0.326080675959125,0.36261629338030066,0.06015222293373756,0.7693095544982052,1.0,0.01105788327290439,0.028681448394933393,0.02215850874329894,0.01903603685027416,0.03319538318564327,0.5700164026992764,0.17508085934470244,0.5435442809970235,0.6096946590479352,-0.17169260955056712,-0.1400039180059961,0.029990015003244365,-0.12249810586051496,0.10697363600779007,0.07831807892527695,0.52113695575175,0.029429800363852572,-0.08767983907205318,0.027434396970716354,0.5677319136227053,0.07193017930998472,0.09670603466768532,0.08836174175148123,0.15137265509693354,0.413050099285134,0.4074874089545853,0.15215354353560778,-0.020882232004137802,0.523569999397205,-0.06586748605728165,-0.04510248867670084,0.01878692106570502,0.38376558480784545,0.29556322144262664,0.11803496154041229,0.04443222101669334,-0.007711591074904348,-0.11049986343602475,-0.12632728827483714,0.52113695575175,-0.029403512902276583,-0.23624238183793742,0.03209558963925973,-0.048027536720240634,0.04678068670105252,-0.028459400911843742,0.046960016060999546,0.019815758661656236,0.006235501130204909,0.01804829536037766,-0.09562431055786666,-0.07393484376949447,0.02215850874329894,-0.019006320469674848,-0.03984183664485888,-0.15125140701239007,0.11079009820797626,-0.05545137918718969,-0.06231907758231831,-0.01756138734029119,-0.05500167738057318,0.0179391189995441,-0.03869077720458429,-0.15210249862085046,-0.20235336129721027,0.03991806163597459,0.022521327549830567,-0.003222839738846843,-0.026816511430996493,0.025471127094478282,-0.012463364065310891,-0.04920294997860611,0.1623859960503088,0.11291512974350704
away_block_percentage,0.004289819599380249,0.004289819599380249,0.004347881143110599,-0.003235593299610132,0.081592739496019,0.00280791296589025,0.04052396359620535,-0.130570409609626,-0.06133829064160495,0.010416622467843013,0.024154732251925538,0.01105788327290439,1.0,0.9355269862255706,-0.20238817120338307,-0.0016401797862408058,0.1473539919548504,0.02374108068633241,-0.037918402967433026,0.00835860646105298,-0.01471609623158755,0.01862613777299745,0.010577573716464887,-0.0065781050787608875,0.0038067725831146,-0.05812044121041122,-0.013338292525808312,-0.002318958590775683,-0.0006779816271510397,-0.011810973048676048,0.02803149312294105,0.001985215148770904,0.060674117201614364,0.061353436021574136,0.049932651071825575,0.034124850748138105,0.021384070966797404,0.040008549273460516,0.07409033289371404,0.11725848260146074,0.023093302237803263,0.020338934480854404,0.011982288208376877,-0.05930502287641937,0.007054914942621382,-0.043512237124918654,0.0023361899969885267,0.06636002260655761,-0.06279792727929007,0.025183941305674973,0.027321404781320655,-0.002318958590775683,0.0006714399549007306,0.005947055467016398,-0.22666857904840446,0.035219611697733404,-0.22091656911930346,-0.11211642641892328,0.018002648085293425,0.03782757081890485,-0.028608384339888607,0.02853185086679257,-0.03158973591085187,0.024154699170989998,-0.20238817120338307,0.001648224466029719,0.06660270782810891,0.024227706257650156,-0.18172778690597177,-0.021598466470124728,-0.007297233783393609,0.12077766417088356,0.10365276303674789,0.002148842589153225,0.06246498330146529,-0.07413833184593001,0.029458124737930736,-0.22128342401674894,0.05026687345342747,0.06781750825211241,-0.02609473174150561,-0.2487558414229739,-0.176037016154986,-0.048857510934748674,0.013924601541244126,0.026916056344531442
away_blocks,-0.027233087559391224,-0.027233087559391224,-0.027212859436005377,-0.03331966592454131,0.08466299403779624,-0.003986935477395244,0.027553981268613678,-0.07723705933445787,-0.022643363958258368,-0.01981642247460902,0.015444853601580863,0.028681448394933393,0.9355269862255706,1.0,-0.20172489844272573,-0.09402500408007357,0.18262056400263843,0.029341024221698705,0.01105250429491681,0.01836659383769396,0.024532764495201545,0.017338464180589278,0.02266941591898668,0.00263911599352127,0.01797409912070931,-0.04262316872774081,0.04328166626470262,-0.007153401426749692,-0.020563746246292966,-0.020247301950107172,0.010108302003553433,0.04174285188681918,0.0010275570926575543,0.0160747006584474,0.02294409822016776,0.026910702806204213,0.033464836350551495,0.043797335959339774,0.024465780172296156,0.14220150590125233,0.02973537472761758,0.02509667605229101,0.030915019579980052,-0.013141266701585184,0.0021888248063417484,-0.008105566349746098,-0.00032439273538669084,-0.022371001960103873,-0.0948553420431932,0.03448905068021125,0.023527506195441368,-0.007153401426749692,0.020554119712754552,-0.021549054445450168,-0.2854755325547921,0.04814771895908875,-0.21801947205114075,-0.09577738370526546,-0.04977627904662061,-0.01698433759888034,-0.03149913883186976,-0.026760542682396155,-0.02734677425782802,-0.030252664976509483,-0.20172489844272573,0.09402640765683046,0.14057732648468715,-0.028173807889738785,-0.13650362960521017,0.0013863652649540115,-0.003407122845619209,-0.15911375966418628,-0.07730332885039526,-0.03244876582958896,-0.09553073373292081,-0.024514753267316565,0.035103269512708125,-0.29199181149267117,-0.04984310948830045,-0.01958895006492185,0.12259845651947325,-0.28575709413565303,-0.06242982535229418,-0.03396671909585823,0.08638142438945705,0.06117756077771044
away_defensive_rating,0.038467927335418296,0.038467927335418296,0.038600626439539897,0.03970109710058089,-0.0949300105940158,0.014705462704310474,0.001944226355346388,0.5704836248933213,0.42848823697967187,0.0567864870583418,-0.0274746712834397,0.02215850874329894,-0.20238817120338307,-0.20172489844272573,1.0,-0.2683731422031973,-0.6420595137054781,0.07004401948228378,0.03753009510116493,0.05810312646712043,0.07570175332130541,0.05424196659592638,0.07131797424346951,0.03251236389157218,0.07930806180037445,0.1495336190683025,-0.020280666014921213,0.1778907017228694,0.05169725404367094,0.04553675652166179,0.023804307909222718,0.12071001777116948,-0.22737138620545794,-0.23292650995787892,0.038902263302829955,0.049646179327845985,0.05725821986134142,0.07319134527439893,-0.3517039341831189,-0.5142227306392746,0.0823783505713234,-0.18083013052262786,-0.1824724914853873,-0.01017073926928105,0.03926015965147213,0.020206366624493394,0.019776742872992192,0.04642595563085507,0.36937751368323957,-0.029224645223636287,-0.016965181136667666,0.1778907017228694,-0.05170850443434812,0.009473521009200257,0.8207039889903974,0.03415024749471107,0.6267821163084101,0.41265790764446664,0.0912711079910355,0.10081713462344874,0.19553420245448053,0.16494821365914142,0.024675680179807626,0.01884208544589354,1.0,0.2684110992162162,0.022555404378095625,0.03651465488245418,0.8704760744560235,-0.06173728160147642,-0.05101613011573424,0.0493652363072924,0.061599783324776836,0.5044941746773757,0.4445682923472648,0.3517832282210071,0.015898374028025058,0.8485453003787934,-0.2723516179811767,-0.2098841859448208,0.002814367890973898,0.4165576726768546,0.2495019442499679,0.037736135215658426,-0.08636326388257898,0.0762223324598106
away_defensive_rebound_percentage,-0.03480373957877284,-0.03480373957877284,-0.034688941641634115,-0.032956917996294334,0.02605537073977931,-0.011077073039465223,-0.014133140028148304,-0.09918864062405047,-0.0339294184444981,-0.017164026204610848,-0.012220812500794674,0.01903603685027416,-0.0016401797862408058,-0.09402500408007357,-0.2683731422031973,1.0,0.4190287450196712,0.0037327228833646787,0.048269153358051715,0.013686883726237248,0.04266507779105345,0.008453192468505592,0.01761133076180134,0.016172792265038382,0.02573607179466824,-0.04397746763914706,-4.599459176688706e-05,-0.027596373848800277,0.02461909930736232,0.023763534353442528,-0.010178900353574489,0.044280238614493636,-0.09383143608152374,-0.06944927777042928,-0.021362784287759135,-0.0009359345099250209,-0.006364755128615417,-0.007841082271306752,0.6204937129488669,0.3653515911109894,0.009707282763757206,0.03535979864028838,0.053293100778115145,0.04040461153852114,0.022353109656552704,0.0472171222925953,0.0011556386064270113,0.11338615464615404,-0.019637566420815246,-0.03572539976111275,-0.01620349946954559,-0.027596373848800277,-0.02459670725727146,-0.005904362230524918,0.0432134215243998,-0.1150186376582628,0.014463266370441482,-0.09521251307796204,0.03506620170852562,-0.03712081028305409,-0.014201581982134191,-0.03948420129266298,0.006844420836553093,0.0015910814606401845,-0.2683731422031973,-0.9999989045553869,-0.7747788336545673,0.014365104388084518,-0.17301414085554304,-0.0317776163211403,-0.008920398391313299,0.14317101724797476,0.013117275732230078,0.00826606474450903,0.006600901367586232,-0.6204804691447438,-0.29244547699799955,0.04459794959207758,-0.0032776382520203905,-0.06537610978013103,-0.16889423346405946,0.04127127853623682,-0.12205934795916884,0.00216867823487582,0.15978324644019448,-0.006985839758101094
away_defensive_rebounds,-0.025804653745248797,-0.025804653745248797,-0.025843729658990382,-0.02730932756340809,0.057457238803412,-0.018734015502808926,-0.010809823038579545,-0.22187001956834157,-0.134983148722528,-0.028362085533717576,-0.021022964792097757,0.03319538318564327,0.1473539919548504,0.18262056400263843,-0.6420595137054781,0.4190287450196712,1.0,0.017641049451621704,0.08494676231354956,0.022471690439533582,0.07317823649899446,0.028999165832459435,0.051961145338488314,0.0059037643683817346,0.051148107772859525,-0.07885617597096052,0.15680284366224556,-0.05812679802157967,-0.03141206709768306,-0.016772496815287724,0.011573090701682442,0.08935210435176824,-0.22435117461468687,-0.17721881018045257,-0.019928453365650405,0.014842065896089234,0.01790664659840765,0.01976671936813399,0.5647231393748132,0.8310207091978026,0.023799476478281244,0.10943990320572893,0.1472594337808487,0.057493708051626784,0.013861355119860013,0.0567436627824256,0.026762535237586878,-0.03213055614449194,-0.32048307364656264,-0.017969738670355565,-0.07047757208212413,-0.05812679802157967,0.03140064939697939,-0.10992523423301473,-0.6742299780241798,-0.022416507967860856,-0.5698337925616208,-0.3620429049095024,-0.10960360152077363,-0.10979157984218804,-0.14597455952799293,-0.15662716368504395,-0.018305227533336355,-0.1491658415285398,-0.6420595137054781,-0.4190266657505837,-0.10431548487619291,-0.12885293847028653,-0.4435932080083169,0.03994287492162215,-0.008951180961220212,0.08187851705844884,0.04021422426026127,-0.3496574945294617,-0.22868788663920492,-0.5648290366226025,-0.12601450025790495,-0.7016697455383754,-0.3243656155581987,-0.3082582819309616,-0.0601314027503904,-0.43705863883400536,-0.3142114626546939,-0.04000749259911437,0.24530699757763394,0.07286828916323734
away_effective_field_goal_percentage,0.02383778318534476,0.02383778318534476,0.024049085961016174,0.018048942862048476,0.07920718258299603,-0.03224101720332315,-0.03281901739056518,0.3600454724549054,0.48465623851611084,0.05349993912475802,0.129957840006628,0.5700164026992764,0.02374108068633241,0.029341024221698705,0.07004401948228378,0.0037327228833646787,0.017641049451621704,1.0,-0.21988420561581867,0.948600365654543,0.7386872276227118,-0.02289608747667458,-0.07681343700818342,0.057871911320743194,-0.05174483355518578,-0.007569299020481069,-0.03205757927948121,0.8320774396817971,-0.07418564630087013,-0.3521706073959326,0.05939937785051964,0.7634852604368717,0.011195195972909194,0.011013561390702795,0.15782250794074254,0.06701308278716603,0.7371710693161965,0.5959025576624338,0.24529551709102687,-0.1810947747200138,0.9684944551017832,0.07424251601492356,0.01882060252254921,-0.23586096252114813,0.6640678985811767,0.28350288394503925,0.13774376997598514,-0.020307234118156634,0.014016191440648248,-0.25780041537409637,-0.28215417490641936,0.8320774396817971,0.07419571362470867,-0.364641189814929,0.004725649315233313,0.047941886618813295,0.039334386368581345,0.039334888716993664,0.05150144265272015,0.07547629597106449,0.03158821755044415,0.08241954644068653,-0.0013759298347670486,0.030963791277412105,0.07004401948228378,-0.0037239424254430237,0.02522235111896813,-0.051852908121621424,0.06395198310687186,0.006906669480376555,0.02258179785581786,0.01739339658649391,0.0431959245776903,0.012957616290852136,0.012949760771410756,-0.24522172843484435,-0.2801255488308939,0.019498466271549348,-0.08379378749063242,-0.03785671581362345,0.035229689162145604,0.04348201783114453,0.04116556760703678,-0.05258647202753152,0.019815711381556786,0.10541783128768115
away_field_goal_attempts,-0.04837602858121863,-0.04837602858121863,-0.04835035416915742,-0.0428345540196615,-0.08863338358356976,-0.004973849825184053,0.01201090703254357,0.2895476491134479,0.27536554447270595,-0.02974667692124746,-0.11682270029059025,0.17508085934470244,-0.037918402967433026,0.01105250429491681,0.03753009510116493,0.048269153358051715,0.08494676231354956,-0.21988420561581867,1.0,-0.19476306872226357,0.42542233240153743,-0.4195834299490702,-0.20476981679947517,0.007707839155334339,-0.19040469186089026,0.0731399369544684,0.3259996697182268,0.048709922735664365,0.3090867181608757,0.5135668139908441,0.05404392845412352,0.28093519522442595,0.0682169679785609,0.13851645328528261,-0.12840824094609818,0.26236150701945754,-0.12984064506289494,0.06553793788632148,0.025452315866005767,0.357092499105271,-0.28518523511429367,-0.48684358391111016,-0.31468003890138363,0.6044699053006686,-0.17997786176527,0.36591654535828777,0.03783680145927512,-0.05771267692584417,-0.1696937409455416,0.07970899092724366,0.09293399579425615,0.048709922735664365,-0.30908453687906556,-0.03783984180551622,0.1043551557589973,-0.2529236348751551,0.03716534848339372,-0.16904125724136818,0.0711374330556942,-0.07603711831221406,-0.005424491030172374,-0.0765399889413735,-0.06626457806496173,-0.3127504926049216,0.03753009510116493,-0.048276500704712656,-0.18488139029896683,-0.34863475724912374,0.27669258866449686,-0.2890346498089167,-0.34985988382812655,-0.06013809384216826,-0.22501778753331178,-0.0260115980808146,-0.13291471511359151,-0.025551975571524235,-0.09870769151583415,0.11039141259788043,0.06626492289875684,-0.0934344641432897,-0.18793139680054616,0.04125316724023901,-0.13126813018556005,-0.01708715516850508,0.37451908131668743,0.26205082830052084
away_field_goal_percentage,0.02146436368696551,0.02146436368696551,0.02165765149184904,0.015254919597513149,0.089190381274298,-0.025570233392676413,-0.030423055543408174,0.3469915308449685,0.47116895489669974,0.05120646696948567,0.045484797980693555,0.5435442809970235,0.00835860646105298,0.01836659383769396,0.05810312646712043,0.013686883726237248,0.022471690439533582,0.948600365654543,-0.19476306872226357,1.0,0.8018816241672321,-0.009514780637721678,-0.05553834610181878,0.05346892695092534,-0.033669381503574285,0.0018229606378533175,-0.02529364461791272,0.7961668863634089,-0.04312830061156762,-0.330123474225748,0.05461483686476626,0.7399123267234815,0.032593062278317896,0.033988156283026816,-0.09423269009447502,-0.1672778142946242,0.5715830635034089,0.32371513302074506,0.2783995952700275,-0.16477008267988058,0.9203598732323138,0.05399881017785119,0.004373746057490217,-0.021816770210758854,0.7797881064499468,0.5436172354376387,0.14057705677767893,-0.038235595690482904,0.0005456249391520404,-0.3207526316022411,-0.2803917010013291,0.7961668863634089,0.04315150543760494,-0.38916303343824166,0.005803260581226551,0.038915091315713364,0.04837178498407141,0.034157129429293526,0.04781955557761878,0.0682534058553521,0.030896714332691453,0.07380539151576151,0.001265658870704335,0.023417444922862737,0.05810312646712043,-0.013672081682009282,0.011323494106640441,-0.04115745741914039,0.06189113617879443,-0.005094044566519759,0.013180903758404847,-0.0044276731009756445,0.022995042503145897,0.015854714763016906,0.0018793419663105397,-0.27831752162007295,-0.30475587993299424,0.01907069085702579,-0.06724098046977554,-0.030177956234442704,0.03731760908273134,0.04382226532133549,0.04127933920514337,-0.03935926526331997,0.035196332979490194,0.09947807096467427
away_field_goals,-0.00944889860996387,-0.00944889860996387,-0.009252077389786725,-0.01151782798908176,0.03102344912227219,-0.025965828676386023,-0.021107690644254395,0.4966153271131865,0.6027315014802926,0.030295979726420556,-0.027490759359497848,0.6096946590479352,-0.01471609623158755,0.024532764495201545,0.07570175332130541,0.04266507779105345,0.07317823649899446,0.7386872276227118,0.42542233240153743,0.8018816241672321,1.0,-0.26134474673028246,-0.1731367500002807,0.053939353900024266,-0.14472877758641647,0.04536544760285831,0.1715989206293981,0.7651414164164047,0.1485807880275388,0.004098129929029693,0.08101150100985659,0.8552282253896285,0.070165203589141,0.11419944571035594,-0.16512955526372938,0.0034722729517308593,0.4457557124633803,0.33709017413945475,0.27153079360128596,0.06377531722568633,0.6741218191647169,-0.2486006036181843,-0.18947299048546232,0.3464314612504349,0.609282099071999,0.7265376527072256,0.1524118684185818,-0.06941993751903328,-0.10101820975546918,-0.24704011042829516,-0.20199762937123178,0.7651414164164047,-0.1485588633069321,-0.37915050127118466,0.06845736404538234,-0.11519704302526564,0.0718115597385854,-0.0695101325107533,0.08649244750085629,0.017666380313339006,0.024626435555604967,0.02206567134941354,-0.03973339568289622,-0.16595178944348238,0.07570175332130541,-0.042659032977240725,-0.10065921033143486,-0.2473765579652133,0.22447908803527633,-0.1808351878662107,-0.19897754649722255,-0.04195552580761485,-0.11471819477986855,0.002651479886512211,-0.07880555434798944,-0.2715103563139773,-0.33839791200873437,0.08401947784247911,-0.022295438455033553,-0.08325881032657471,-0.07675621173880606,0.06774625999555457,-0.039711575724969514,-0.046137117462934224,0.2609891800705211,0.2501739869835872
